-1.499999966472387314e-02 1.702012028545141220e-03
-1.469999924302101135e-02 1.634052372537553310e-03
-1.439999975264072418e-02 1.567511120811104774e-03
-1.409999933093786240e-02 1.502385479398071766e-03
-1.379999984055757523e-02 1.438672537915408611e-03
-1.349999941885471344e-02 1.376369618810713291e-03
-1.319999992847442627e-02 1.315473928116261959e-03
-1.289999950677156448e-02 1.255983137525618076e-03
-1.259999908506870270e-02 1.197894453071057796e-03
-1.229999959468841553e-02 1.141205546446144581e-03
-1.200000010430812836e-02 1.085913972929120064e-03
-1.169999968260526657e-02 1.032017287798225880e-03
-1.139999926090240479e-02 9.795133955776691437e-04
-1.109999977052211761e-02 9.283999679610133171e-04
-1.079999934881925583e-02 8.786748512648046017e-04
-1.049999892711639404e-02 8.303360082209110260e-04
-1.019999943673610687e-02 7.833814015612006187e-04
-9.899999946355819702e-03 7.378089940175414085e-04
-9.599999524652957916e-03 6.936169811524450779e-04
-9.299999102950096130e-03 6.508035003207623959e-04
-8.999999612569808960e-03 6.093667470850050449e-04
-8.699999190866947174e-03 5.693049752153456211e-04
-8.399998769164085388e-03 5.306165548972785473e-04
-8.099999278783798218e-03 4.932999145239591599e-04
-7.799999322742223740e-03 4.573534533847123384e-04
-7.499999366700649261e-03 4.227757162880152464e-04
-7.199999410659074783e-03 3.895652771461755037e-04
-6.899999454617500305e-03 3.577207680791616440e-04
-6.599999032914638519e-03 3.272408794146031141e-04
-6.299999542534351349e-03 2.981243596877902746e-04
-5.999999120831489563e-03 2.703699865378439426e-04
-5.699999630451202393e-03 2.439766831230372190e-04
-5.399999208748340607e-03 2.189433289458975196e-04
-5.099998787045478821e-03 1.952689053723588586e-04
-4.799999296665191650e-03 1.729524374241009355e-04
-4.499998874962329865e-03 1.519930374342948198e-04
-4.199999384582042694e-03 1.323898468399420381e-04
-3.899998962879180908e-03 1.141420434578321874e-04
-3.599999472498893738e-03 9.724890696816146374e-05
-3.299999050796031952e-03 8.170974615495651960e-05
-2.999999560415744781e-03 6.752392800990492105e-05
-2.699999138712882996e-03 5.469087045639753342e-05
-2.399998717010021210e-03 4.321006053942255676e-05
-2.099999226629734039e-03 3.308102532173506916e-05
-1.799998804926872253e-03 2.430336098768748343e-05
-1.499999314546585083e-03 1.687670919636730105e-05
-1.199998892843723297e-03 1.080076708603883162e-05
-8.999994024634361267e-04 6.075289547879947349e-06
-5.999989807605743408e-04 2.700085133255925030e-06
-2.999985590577125549e-04 6.750178158654307481e-07
9.313225746154785156e-10 3.348035390593473437e-12
3.000013530254364014e-04 6.750178158654307481e-07
6.000008434057235718e-04 2.700085133255925030e-06
9.000012651085853577e-04 6.075289547879947349e-06
1.200000755488872528e-03 1.080076708603883162e-05
1.500000245869159698e-03 1.687670919636730105e-05
1.800001598894596100e-03 2.430336098768748343e-05
2.100001089274883270e-03 3.308102532173506916e-05
2.400000579655170441e-03 4.321006053942255676e-05
2.700001932680606842e-03 5.469087045639753342e-05
3.000001423060894012e-03 6.752392800990492105e-05
3.300000913441181183e-03 8.170974615495651960e-05
3.600000403821468353e-03 9.724890696816146374e-05
3.900001756846904755e-03 1.141420434578321874e-04
4.200001247227191925e-03 1.323898468399420381e-04
4.500000737607479095e-03 1.519930374342948198e-04
4.800002090632915497e-03 1.729524374241009355e-04
5.100001581013202667e-03 1.952689053723588586e-04
5.400001071393489838e-03 2.189433289458975196e-04
5.700000561773777008e-03 2.439766831230372190e-04
6.000001914799213409e-03 2.703699865378439426e-04
6.300001405179500580e-03 2.981243596877902746e-04
6.600000895559787750e-03 3.272408794146031141e-04
6.900002248585224152e-03 3.577207680791616440e-04
7.200001738965511322e-03 3.895652771461755037e-04
7.500001229345798492e-03 4.227757162880152464e-04
7.800000719726085663e-03 4.573534533847123384e-04
8.100002072751522064e-03 4.932999145239591599e-04
8.400001563131809235e-03 5.306165548972785473e-04
8.700001053512096405e-03 5.693049752153456211e-04
9.000000543892383575e-03 6.093667470850050449e-04
9.300001896917819977e-03 6.508035003207623959e-04
9.600001387298107147e-03 6.936169811524450779e-04
9.900000877678394318e-03 7.378089940175414085e-04
1.020000223070383072e-02 7.833814015612006187e-04
1.050000172108411789e-02 8.303360082209110260e-04
1.080000121146440506e-02 8.786748512648046017e-04
1.110000070184469223e-02 9.283999679610133171e-04
1.140000205487012863e-02 9.795133955776691437e-04
1.170000154525041580e-02 1.032017287798225880e-03
1.200000103563070297e-02 1.085913972929120064e-03
1.230000238865613937e-02 1.141205546446144581e-03
1.260000187903642654e-02 1.197894453071057796e-03
1.290000136941671371e-02 1.255983137525618076e-03
1.320000085979700089e-02 1.315473928116261959e-03
1.350000221282243729e-02 1.376369618810713291e-03
1.380000170320272446e-02 1.438672537915408611e-03
1.410000119358301163e-02 1.502385479398071766e-03
1.440000254660844803e-02 1.567511120811104774e-03
1.470000203698873520e-02 1.634052372537553310e-03
1.500000152736902237e-02 1.702012028545141220e-03
