1 24.0652 42.7605 18.8 50000 33604 0.030456 10.9913 20.2489
1.02256 23.6796 42.8823 18.3853 50000 33505 0.0301163 10.7688 19.795
1.04511 23.6249 42.9982 17.9885 50000 33392 0.0297842 10.5532 19.3553
1.06767 23.2649 40.5102 17.6085 50000 33280 0.0294592 10.3474 18.937
1.09023 22.3097 41.6867 17.2441 50000 33179 0.0291413 10.1544 18.543
1.11278 21.9879 38.832 16.8946 50000 33076 0.0288302 9.96246 18.1558
1.13534 21.6786 39.5025 16.5589 50000 32982 0.0285257 9.78287 17.7897
1.15789 20.5016 35.8458 16.2364 50000 32868 0.0282275 9.60644 17.437
1.18045 20.8047 37.954 15.9261 50000 32730 0.0279355 9.44019 17.0929
1.20301 20.8167 37.224 15.6275 50000 32608 0.0276495 9.27803 16.7623
1.22556 21.3958 36.519 15.3399 50000 32502 0.0273692 9.11939 16.4441
1.24812 20.295 36.2833 15.0627 50000 32407 0.0270946 8.9696 16.1445
1.27068 20.5971 33.883 14.7953 50000 32283 0.0268255 8.82619 15.8525
1.29323 19.2655 34.5539 14.5372 50000 32173 0.0265616 8.68364 15.5718
1.31579 19.0397 33.9428 14.288 50000 32071 0.0263029 8.54877 15.2957
1.33835 18.5558 35.8235 14.0472 50000 31968 0.0260492 8.4117 15.0332
1.3609 18.3479 32.3796 13.8144 50000 31842 0.0258003 8.29025 14.778
1.38346 18.1471 32.6281 13.5891 50000 31735 0.0255561 8.16648 14.5302
1.40602 17.9538 31.3047 13.3711 50000 31627 0.0253165 8.04969 14.2922
1.42857 17.2579 33.6072 13.16 50000 31506 0.0250814 7.92871 14.0569
1.45113 17.8326 30.0653 12.9554 50000 31393 0.0248506 7.81539 13.8308
1.47368 16.9051 29.5932 12.7571 50000 31277 0.024624 7.7073 13.6197
1.49624 15.2595 29.4992 12.5648 50000 31172 0.0244015 7.5987 13.4087
1.5188 15.3551 28.6921 12.3782 50000 31074 0.024183 7.49845 13.2031
1.54135 15.2097 28.2588 12.1971 50000 30966 0.0239683 7.3951 13.0045
1.56391 15.5464 28.1875 12.0212 50000 30854 0.0237575 7.30044 12.8085
1.58647 15.6406 27.7746 11.8502 50000 30763 0.0235503 7.21189 12.625
1.60902 15.0284 27.3739 11.6841 50000 30656 0.0233467 7.12236 12.4441
1.63158 15.1259 26.3184 11.5226 50000 30545 0.0231465 7.03466 12.2682
1.65414 14.3017 25.6199 11.3655 50000 30430 0.0229498 6.95046 12.0963
1.67669 14.8658 25.9118 11.2126 50000 30316 0.0227564 6.8649 11.9243
1.69925 14.5152 24.9263 11.0637 50000 30216 0.0225663 6.7862 11.7552
1.7218 15.0706 25.2265 10.9188 50000 30115 0.0223793 6.70821 11.5976
1.74436 14.2782 24.8987 10.7776 50000 30009 0.0221953 6.62862 11.4455
1.76692 14.6052 23.658 10.64 50000 29921 0.0220144 6.5544 11.2987
1.78947 13.6103 23.9645 10.5059 50000 29811 0.0218364 6.47901 11.1552
1.81203 14.3763 23.9637 10.3751 50000 29724 0.0216612 6.4091 11.0159
1.83459 13.4029 23.6669 10.2475 50000 29632 0.0214888 6.33976 10.8761
1.85714 14.5908 23.3777 10.1231 50000 29539 0.0213192 6.27398 10.7428
1.8797 13.6317 23.0958 10.0016 50000 29445 0.0211522 6.20919 10.6111
1.90226 13.1088 23.1047 9.883 50000 29353 0.0209878 6.1451 10.4836
1.92481 13.0129 22.8315 9.76719 50000 29265 0.0208259 6.08351 10.3579
1.94737 13.3372 22.0074 9.65405 50000 29158 0.0206666 6.01697 10.2379
1.96992 12.831 22.3054 9.54351 50000 29054 0.0205096 5.95423 10.1192
1.99248 12.7439 22.5946 9.43547 50000 28970 0.020355 5.89623 10.0017
2.01504 11.6378 22.3383 9.32985 50000 28877 0.0202027 5.84117 9.88645
2.03759 11.3579 22.0899 9.22657 50000 28779 0.0200527 5.77959 9.77322
2.06015 11.2823 21.846 9.12555 50000 28692 0.0199049 5.71906 9.66355
2.08271 11.2081 21.6064 9.02671 50000 28592 0.0197592 5.66907 9.56057
2.10526 11.1362 21.1164 8.93 50000 28507 0.0196157 5.6123 9.45
2.12782 11.857 21.1434 8.83534 50000 28411 0.0194743 5.56005 9.34864
2.15038 11.5881 20.9208 8.74266 50000 28312 0.0193348 5.50595 9.24883
2.17293 12.2986 20.4519 8.6519 50000 28217 0.0191974 5.45507 9.14836
2.19549 12.2237 20.238 8.56301 50000 28124 0.0190619 5.4043 9.05213
2.21805 11.572 20.0308 8.47593 50000 28041 0.0189282 5.35663 8.95571
2.2406 11.3115 20.068 8.3906 50000 27957 0.0187965 5.30499 8.8597
2.26316 11.2455 19.6269 8.30698 50000 27862 0.0186666 5.25906 8.77091
2.28571 11.1816 19.4299 8.225 50000 27780 0.0185384 5.21475 8.67916
2.30827 10.5538 19.4725 8.14463 50000 27680 0.018412 5.16932 8.59253
2.33083 10.8183 19.2805 8.06581 50000 27595 0.0182873 5.12179 8.50858
2.35338 10.759 19.0937 7.9885 50000 27495 0.0181643 5.07792 8.4245
2.37594 10.3504 18.9103 7.91266 50000 27403 0.018043 5.03443 8.33937
2.3985 10.2959 18.5039 7.83824 50000 27309 0.0179232 4.98963 8.2583
2.42105 10.2559 18.7757 7.76522 50000 27242 0.017805 4.9495 8.18051
2.44361 10.5266 18.8213 7.69354 50000 27162 0.0176884 4.90878 8.10074
2.46617 10.4726 18.4273 7.62317 50000 27082 0.0175733 4.87159 8.02711
2.48872 10.42 18.0409 7.55408 50000 26995 0.0174597 4.83473 7.95158
2.51128 10.2081 17.4443 7.48623 50000 26918 0.0173475 4.79619 7.8789
2.53383 10.1574 17.2871 7.41958 50000 26832 0.0172368 4.75913 7.80715
2.55639 10.1075 17.5541 7.35412 50000 26735 0.0171275 4.72051 7.73567
2.57895 10.0577 17.6064 7.2898 50000 26660 0.0170195 4.68282 7.66666
2.6015 10.0115 17.4521 7.22659 50000 26565 0.0169129 4.64893 7.60035
2.62406 9.19938 17.2972 7.16447 50000 26493 0.0168077 4.61272 7.53169
2.64662 10.3803 16.9437 7.10341 50000 26413 0.0167037 4.57692 7.4635
2.66917 9.75054 16.3932 7.04338 50000 26336 0.016601 4.54002 7.39732
2.69173 9.71389 16.0533 6.98436 50000 26253 0.0164996 4.50763 7.33565
2.71429 9.67813 16.5132 6.92632 50000 26178 0.0163994 4.4734 7.27131
2.73684 9.05989 16.3739 6.86923 50000 26110 0.0163004 4.44073 7.20989
2.7594 9.02814 16.042 6.81308 50000 26032 0.0162026 4.41016 7.14991
2.78195 8.8522 15.9091 6.75784 50000 25957 0.0161059 4.38048 7.09241
2.80451 8.82173 15.7782 6.70349 50000 25876 0.0160105 4.34572 7.0327
2.82707 8.79135 15.648 6.65 50000 25808 0.0159161 4.31757 6.97289
2.84962 8.61721 15.5225 6.59736 50000 25720 0.0158228 4.28409 6.91631
2.87218 8.71786 15.3959 6.54555 50000 25645 0.0157307 4.25276 6.85931
2.89474 8.42699 15.2741 6.49455 50000 25563 0.0156396 4.2189 6.80421
2.91729 8.40108 15.5231 6.44433 50000 25509 0.0155495 4.19154 6.74793
2.93985 8.3759 15.2182 6.39488 50000 25442 0.0154605 4.16357 6.69646
2.96241 8.47437 15.4612 6.34619 50000 25364 0.0153725 4.13539 6.64255
2.98496 8.27408 15.3425 6.29824 50000 25292 0.0152855 4.10486 6.59097
3.00752 8.72826 14.8655 6.251 50000 25222 0.0151994 4.08096 6.54128
3.03008 8.69618 14.9298 6.20447 50000 25148 0.0151143 4.05604 6.49025
3.05263 7.94221 14.8163 6.15862 50000 25076 0.0150302 4.02849 6.43872
3.07519 8.034 14.7023 6.11345 50000 24999 0.014947 4.00457 6.39067
3.09774 8.00537 14.5939 6.06893 50000 24917 0.0148648 3.97776 6.34155
3.1203 8.33409 14.4842 6.02506 50000 24851 0.0147834 3.95019 6.2944
3.14286 7.94932 14.3758 5.98182 50000 24783 0.0147029 3.92093 6.24643
3.16541 7.68468 14.2721 5.93919 50000 24720 0.0146233 3.89456 6.19926
3.18797 8.01067 13.8293 5.89717 50000 24650 0.0145445 3.8706 6.15656
3.21053 8.0993 13.898 5.85574 50000 24597 0.0144666 3.8451 6.11144
3.23308 8.18799 12.4683 5.81488 50000 24542 0.0143895 3.82297 6.06541
3.25564 8.16002 12.3782 5.7746 50000 24476 0.0143132 3.80008 6.02311
3.2782 8.13224 12.6169 5.73486 50000 24407 0.0142378 3.77627 5.98078
3.30075 8.10566 13.1786 5.69567 50000 24337 0.0141631 3.75292 5.9378
3.32331 7.84795 13.4084 5.65701 50000 24282 0.0140892 3.73291 5.89521
3.34586 7.59043 13.3158 5.61888 50000 24217 0.0140161 3.71298 5.85494
3.36842 7.67876 12.4272 5.58125 50000 24146 0.0139437 3.69138 5.81309
3.39098 7.76597 12.4987 5.54412 50000 24093 0.0138721 3.67207 5.7723
3.41353 7.73959 12.8846 5.50749 50000 24031 0.0138012 3.64975 5.73132
3.43609 7.71343 11.8596 5.47133 50000 23962 0.013731 3.63061 5.69171
3.45865 7.68927 12.5557 5.43565 50000 23899 0.0136615 3.60884 5.65375
3.4812 7.66426 12.4719 5.40043 50000 23854 0.0135928 3.59073 5.61559
3.50376 7.52617 12.3866 5.36567 50000 23797 0.0135247 3.56884 5.57667
3.52632 7.50037 12.3049 5.33134 50000 23733 0.0134573 3.54747 5.53902
3.54887 8.03254 12.5239 5.29746 50000 23680 0.0133906 3.52853 5.50083
3.57143 7.11507 12.141 5.264 50000 23630 0.0133245 3.51029 5.46554
3.59398 6.75887 11.4669 5.23096 50000 23572 0.0132591 3.49262 5.43158
3.61654 6.84636 11.8365 5.19834 50000 23512 0.0131943 3.47447 5.39791
3.6391 6.82484 11.3176 5.16612 50000 23452 0.0131301 3.45734 5.36293
3.66165 6.80182 11.3916 5.13429 50000 23385 0.0130666 3.43789 5.32858
3.68421 6.77917 11.4629 5.10286 50000 23334 0.0130037 3.42024 5.29378
3.70677 6.75615 11.3915 5.07181 50000 23286 0.0129414 3.40433 5.25886
3.72932 6.73226 11.3178 5.04113 50000 23245 0.0128796 3.38933 5.22515
3.75188 6.70912 11.2473 5.01082 50000 23188 0.0128185 3.37289 5.19089
3.77444 6.68578 11.8841 4.98088 50000 23143 0.0127579 3.35681 5.15961
3.79699 6.6628 10.9655 4.95129 50000 23086 0.0126979 3.33908 5.12849
3.81955 6.64011 11.8758 4.92205 50000 23034 0.0126385 3.32279 5.09741
3.84211 6.61749 11.5244 4.89315 50000 22984 0.0125796 3.30556 5.06541
3.86466 6.60033 11.4531 4.86459 50000 22935 0.0125213 3.29014 5.03533
3.88722 6.58677 11.3838 4.83636 50000 22879 0.0124635 3.27592 5.00562
3.90977 6.5719 11.5868 4.80846 50000 22823 0.0124063 3.25878 4.9755
3.93233 6.45225 11.7875 4.78088 50000 22780 0.0123495 3.24236 4.94644
3.95489 6.43867 11.4473 4.75361 50000 22738 0.0122933 3.22616 4.91555
3.97744 6.53075 10.9816 4.72665 50000 22673 0.0122376 3.20953 4.88665
4 6.83273 11.0516 4.7 50000 22621 0.0121824 3.19378 4.85722
4.02256 6.39934 10.1947 4.67364 50000 22573 0.0121277 3.17957 4.83042
4.04511 6.38749 9.87422 4.64758 50000 22509 0.0120735 3.16225 4.80352
4.06767 6.27027 9.95055 4.62181 50000 22445 0.0120197 3.14746 4.77716
4.09023 6.04936 10.8054 4.59632 50000 22398 0.0119665 3.13327 4.74919
4.11278 6.66178 10.7469 4.57112 50000 22350 0.0119137 3.11985 4.72199
4.13534 6.54391 10.6874 4.54618 50000 22310 0.0118613 3.10531 4.69458
4.15789 6.63502 10.6285 4.52152 50000 22267 0.0118095 3.09144 4.66903
4.18045 5.69119 10.5709 4.49712 50000 22221 0.011758 3.07878 4.64322
4.20301 6.71277 9.62626 4.47299 50000 22163 0.0117071 3.06543 4.61806
4.22556 6.59732 10.2041 4.44911 50000 22113 0.0116565 3.05296 4.59272
4.24812 5.76302 10.2757 4.42549 50000 22072 0.0116064 3.03834 4.56683
4.27068 6.3683 9.97042 4.40211 50000 22027 0.0115568 3.02479 4.54092
4.29323 6.6643 10.1661 4.37898 50000 21986 0.0115075 3.01113 4.51669
4.31579 6.34389 9.98902 4.3561 50000 21944 0.0114587 2.99967 4.49274
4.33835 6.3324 10.0604 4.33345 50000 21890 0.0114103 2.98734 4.46898
4.3609 6.3208 10.0079 4.31103 50000 21843 0.0113623 2.97244 4.44288
4.38346 6.30909 9.95547 4.28885 50000 21801 0.0113147 2.95921 4.41904
4.40602 5.99328 9.90287 4.26689 50000 21760 0.0112674 2.94709 4.39523
4.42857 6.28728 10.2125 4.24516 50000 21714 0.0112206 2.93453 4.37241
4.45113 6.07375 10.0406 4.22365 50000 21666 0.0111742 2.92075 4.34963
4.47368 6.06363 9.98976 4.20235 50000 21620 0.0111281 2.91002 4.32708
4.49624 6.05307 9.82197 4.18127 50000 21557 0.0110825 2.8952 4.30391
4.5188 6.14233 9.77095 4.1604 50000 21515 0.0110372 2.88414 4.28073
4.54135 5.9309 9.72259 4.13974 50000 21472 0.0109923 2.8712 4.25791
4.56391 6.12097 9.67476 4.11928 50000 21417 0.0109477 2.85837 4.23648
4.58647 6.11075 9.62573 4.09902 50000 21375 0.0109035 2.84749 4.21432
4.60902 6.03272 9.57867 4.07896 50000 21327 0.0108596 2.83094 4.19079
4.63158 5.8434 9.53116 4.05909 50000 21273 0.0108161 2.81856 4.17097
4.65414 6.22101 9.48408 4.03942 50000 21235 0.010773 2.80832 4.15053
4.67669 5.94063 9.43714 4.01994 50000 21193 0.0107302 2.79861 4.12922
4.69925 5.75484 9.95698 4.00064 50000 21150 0.0106877 2.78746 4.10787
4.7218 5.94652 9.79624 3.98153 50000 21111 0.0106456 2.77601 4.08785
4.74436 5.76179 9.30197 3.9626 50000 21065 0.0106038 2.76666 4.06747
4.76692 5.86047 9.25802 3.94385 50000 21017 0.0105623 2.75593 4.04667
4.78947 5.95916 9.21376 3.92527 50000 20973 0.0105212 2.74464 4.02705
4.81203 5.5858 9.61163 3.90688 50000 20931 0.0104803 2.73281 4.00699
4.83459 5.9707 9.56622 3.88865 50000 20891 0.0104398 2.72192 3.98873
4.85714 5.59926 9.52034 3.87059 50000 20856 0.0103996 2.71312 3.9696
4.8797 5.60819 9.47707 3.8527 50000 20819 0.0103597 2.70178 3.95014
4.90226 5.42764 9.43098 3.83497 50000 20773 0.0103201 2.69277 3.93159
4.92481 5.63241 9.38794 3.8174 50000 20730 0.0102808 2.68314 3.91173
4.94737 5.67031 9.23716 3.8 50000 20684 0.0102418 2.67005 3.89314
4.96992 5.66236 9.40851 3.78275 50000 20640 0.0102031 2.66083 3.87499
4.99248 5.74399 9.36629 3.76566 50000 20602 0.0101647 2.65029 3.85718
5.01504 5.73613 9.32215 3.74873 50000 20575 0.0101266 2.64159 3.83897
5.03759 5.54949 8.85698 3.73194 50000 20537 0.0100888 2.6291 3.82101
5.06015 5.63105 9.13363 3.7153 50000 20497 0.0100512 2.61903 3.80317
5.08271 5.62241 8.77977 3.69882 50000 20467 0.010014 2.61085 3.7842
5.10526 5.61375 8.63618 3.68247 50000 20433 0.00997696 2.60175 3.76687
5.12782 5.5169 8.69909 3.66628 50000 20401 0.00994023 2.59208 3.74902
5.15038 5.24205 8.86797 3.65022 50000 20367 0.00990378 2.5823 3.73176
5.17293 5.23416 8.82924 3.6343 50000 20338 0.00986759 2.57415 3.71519
5.19549 5.42972 8.78905 3.61852 50000 20291 0.00983166 2.56325 3.69779
5.21805 5.34878 8.54673 3.60288 50000 20255 0.009796 2.55337 3.68001
5.2406 5.1798 8.71321 3.58737 50000 20225 0.00976059 2.54574 3.66376
5.26316 5.00991 8.47276 3.572 50000 20184 0.00972544 2.5348 3.64789
5.28571 5.01599 8.4365 3.55676 50000 20140 0.00969054 2.52688 3.63247
5.30827 5.11209 8.50008 3.54164 50000 20108 0.00965589 2.51976 3.61545
5.33083 4.94399 8.46302 3.52666 50000 20074 0.00962149 2.51294 3.60036
5.35338 5.30676 8.52552 3.5118 50000 20039 0.00958733 2.50498 3.58494
5.37594 5.22855 8.19357 3.49706 50000 20011 0.00955341 2.49859 3.56932
5.3985 5.23908 8.25669 3.48245 50000 19989 0.00951973 2.4914 3.55389
5.42105 5.16065 8.41833 3.46796 50000 19967 0.00948629 2.48375 3.53783
5.44361 5.17166 8.38221 3.45359 50000 19924 0.00945308 2.47592 3.52195
5.46617 5.09432 8.34832 3.43934 50000 19880 0.00942011 2.46846 3.50722
5.48872 4.92708 8.11941 3.42521 50000 19849 0.00938736 2.46089 3.49223
5.51128 4.89261 8.08519 3.41119 50000 19807 0.00935484 2.44952 3.47848
5.53383 4.88568 8.05243 3.39728 50000 19775 0.00932254 2.44254 3.46459
5.55639 5.04734 7.92315 3.38349 50000 19740 0.00929047 2.43539 3.44967
5.57895 4.8723 7.89077 3.36981 50000 19708 0.00925862 2.42719 3.43459
5.6015 4.865 7.66941 3.35624 50000 19682 0.00922698 2.4209 3.42013
5.62406 4.69088 7.82695 3.34278 50000 19649 0.00919556 2.41451 3.40522
5.64662 4.93522 7.79342 3.32943 50000 19625 0.00916436 2.40868 3.39045
5.66917 4.76085 7.94973 3.31618 50000 19591 0.00913336 2.39977 3.37647
5.69173 4.7564 7.91688 3.30304 50000 19560 0.00910257 2.39164 3.36183
5.71429 4.70815 7.88681 3.29 50000 19526 0.00907199 2.38491 3.34873
5.73684 4.745 7.8537 3.27706 50000 19498 0.00904162 2.3794 3.3341
5.7594 4.86932 7.82252 3.26423 50000 19471 0.00901145 2.37423 3.31954
5.78195 4.65253 7.79097 3.2515 50000 19434 0.00898148 2.36643 3.30551
5.80451 4.69298 7.57853 3.23886 50000 19393 0.0089517 2.36073 3.2929
5.82707 4.64753 7.36542 3.22632 50000 19354 0.00892213 2.35237 3.27946
5.84962 4.68984 7.33615 3.21388 50000 19312 0.00889274 2.34514 3.266
5.87218 4.37342 7.30733 3.20154 50000 19280 0.00886356 2.33804 3.25254
5.89474 4.43681 7.27931 3.18929 50000 19250 0.00883456 2.33049 3.23938
5.91729 4.41184 7.25024 3.17713 50000 19207 0.00880575 2.32389 3.22735
5.93985 4.47864 7.22331 3.16506 50000 19177 0.00877713 2.31856 3.21343
5.96241 4.45482 7.28476 3.15309 50000 19150 0.00874869 2.31238 3.2007
5.98496 4.42983 7.25471 3.14121 50000 19123 0.00872044 2.30465 3.18727
6.00752 4.59955 7.22686 3.12941 50000 19092 0.00869237 2.29766 3.17473
6.03008 4.67614 7.20067 3.11771 50000 19059 0.00866448 2.29244 3.16012
6.05263 4.45255 7.17375 3.10609 50000 19032 0.00863677 2.28733 3.14813
6.07519 4.52967 7.14632 3.09455 50000 19008 0.00860924 2.28371 3.13604
6.09774 4.61065 7.11844 3.08311 50000 18976 0.00858188 2.27986 3.12363
6.1203 4.48102 7.09085 3.07174 50000 18944 0.00855469 2.27603 3.1116
6.14286 4.56428 7.06456 3.06047 50000 18904 0.00852767 2.27025 3.09972
6.16541 4.42933 7.03747 3.04927 50000 18877 0.00850083 2.26722 3.08844
6.18797 4.40114 7.01213 3.03815 50000 18854 0.00847415 2.26294 3.0767
6.21053 4.37204 6.98624 3.02712 50000 18822 0.00844764 2.25958 3.06598
6.23308 4.34176 6.96031 3.01616 50000 18790 0.0084213 2.25536 3.05489
6.25564 4.42943 6.76565 3.00529 50000 18767 0.00839512 2.25006 3.04313
6.2782 4.27672 6.74003 2.99449 50000 18726 0.0083691 2.2457 3.03096
6.30075 4.49198 6.79855 2.98377 50000 18698 0.00834324 2.24298 3.0206
6.32331 4.33355 6.77428 2.97313 50000 18667 0.00831755 2.23908 3.00968
6.34586 4.29752 6.74991 2.96256 50000 18632 0.00829201 2.23491 2.99784
6.36842 4.25975 6.7244 2.95207 50000 18601 0.00826662 2.23195 2.98732
6.39098 4.21929 6.70128 2.94165 50000 18575 0.00824139 2.22693 2.97584
6.41353 4.1758 6.67601 2.9313 50000 18542 0.00821632 2.22462 2.96467
6.43609 4.27281 6.6522 2.92103 50000 18501 0.0081914 2.22022 2.95332
6.45865 4.08132 6.62948 2.91083 50000 18468 0.00816662 2.21624 2.94258
6.4812 4.20361 6.60527 2.9007 50000 18449 0.008142 2.20403 2.93141
6.50376 4.2874 6.58106 2.89064 50000 18419 0.00811753 2.20086 2.9207
6.52632 4.11724 6.63839 2.88065 50000 18393 0.0080932 2.19881 2.90924
6.54887 3.93989 6.53687 2.87072 50000 18369 0.00806901 2.19375 2.89773
6.57143 4.06366 6.51221 2.86087 50000 18342 0.00804498 2.1872 2.88773
6.59398 4.13183 6.49066 2.85108 50000 18313 0.00802108 2.18617 2.87768
6.61654 4.08201 6.46662 2.84136 50000 18282 0.00799733 2.17502 2.86624
6.6391 3.90938 6.44459 2.83171 50000 18249 0.00797371 2.17288 2.85515
6.66165 4.12495 6.34287 2.82212 50000 18218 0.00795024 2.17211 2.84352
6.68421 4.11109 5.81052 2.8126 50000 18201 0.0079269 2.16822 2.83203
6.70677 4.09478 5.7916 2.80314 50000 18182 0.0079037 2.16574 2.82186
6.72932 4.07433 5.62084 2.79374 50000 18160 0.00788063 2.15961 2.81206
6.75188 3.91138 5.83019 2.78441 50000 18136 0.0078577 2.15994 2.80243
6.77444 4.02314 6.03677 2.77514 50000 18107 0.0078349 2.15684 2.79361
6.79699 3.99232 5.7155 2.76593 50000 18086 0.00781224 2.15745 2.78374
6.81955 3.95754 5.77304 2.75678 50000 18069 0.0077897 2.15789 2.77426
6.84211 3.91816 5.67987 2.74769 50000 18039 0.0077673 2.15675 2.76468
6.86466 3.87388 5.73723 2.73866 50000 18013 0.00774502 2.15783 2.75546
6.88722 3.82422 5.64496 2.72969 50000 17987 0.00772287 2.15487 2.74685
6.90977 3.76894 5.70008 2.72078 50000 17961 0.00770085 2.15662 2.737
6.93233 3.88414 5.68105 2.71193 50000 17929 0.00767895 2.15874 2.72669
6.95489 3.82154 5.66243 2.70314 50000 17907 0.00765717 2.16236 2.71738
6.97744 3.94003 5.64616 2.6944 50000 17886 0.00763552 2.15841 2.70869
7 3.8701 5.62846 2.68571 50000 17865 0.00761399 2.16276 2.69996
7.02256 3.79269 5.61048 2.67709 50000 17847 0.00759259 2.15901 2.69042
7.04511 3.91354 5.59392 2.66852 50000 17822 0.0075713 2.16353 2.68215
7.06767 3.82655 5.57485 2.66 50000 17790 0.00755013 2.16467 2.67447
7.09023 3.73105 5.63137 2.65154 50000 17771 0.00752908 2.1701 2.66586
7.11278 3.8526 5.82865 2.64313 50000 17745 0.00750815 2.16433 2.65654
7.13534 3.97901 5.73972 2.63477 50000 17725 0.00748733 2.17065 2.6486
7.15789 3.78235 5.72264 2.62647 50000 17688 0.00746663 2.1375 2.63931
7.18045 3.88714 5.70597 2.61822 50000 17674 0.00744604 2.14179 2.63093
7.20301 3.81466 5.68652 2.61002 50000 17653 0.00742556 2.14496 2.62283
7.22556 3.76356 5.67065 2.60187 50000 17622 0.0074052 2.13267 2.61321
7.24812 3.89152 5.72352 2.59378 50000 17602 0.00738495 2.13311 2.60512
7.27068 3.83324 5.98872 2.58573 50000 17576 0.00736481 2.13379 2.59732
7.29323 3.96435 5.68995 2.57773 50000 17552 0.00734478 2.14016 2.58932
7.31579 3.69079 5.95194 2.56978 50000 17524 0.00732486 2.14762 2.58123
7.33835 3.81855 5.79425 2.56189 50000 17498 0.00730504 2.1507 2.5735
7.3609 3.73177 5.77816 2.55403 50000 17477 0.00728533 2.14916 2.56545
7.38346 3.86168 5.55202 2.54623 50000 17457 0.00726573 2.14793 2.55765
7.40602 3.76167 5.60521 2.53848 50000 17434 0.00724623 2.15613 2.55016
7.42857 3.65067 5.86583 2.53077 50000 17409 0.00722684 2.16521 2.54227
7.45113 3.69538 5.84857 2.52311 50000 17390 0.00720755 2.1562 2.53447
7.47368 3.56851 5.69291 2.51549 50000 17364 0.00718837 2.16485 2.52748
7.49624 3.69291 5.67643 2.50792 50000 17344 0.00716928 2.17232 2.51903
7.5188 3.82185 5.59254 2.5004 50000 17326 0.0071503 2.18021 2.51167
7.54135 3.39103 5.57492 2.49292 50000 17305 0.00713142 2.1869 2.5042
7.56391 3.51071 5.55966 2.48549 50000 17284 0.00711263 2.18431 2.49634
7.58647 3.6352 5.54443 2.4781 50000 17263 0.00709395 2.19419 2.48895
7.60902 3.78341 5.66094 2.47075 50000 17234 0.00707536 2.18499 2.48107
7.63158 3.63417 5.44437 2.46345 50000 17208 0.00705687 2.18926 2.47325
7.65414 3.76015 5.6304 2.45619 50000 17186 0.00703848 2.20234 2.46621
7.67669 3.592 5.21217 2.44897 50000 17163 0.00702018 2.18179 2.45912
7.69925 3.7182 5.59814 2.4418 50000 17144 0.00700198 2.19502 2.45225
7.7218 3.52881 5.58176 2.43466 50000 17127 0.00698387 2.21087 2.44556
7.74436 3.32198 5.43378 2.42757 50000 17090 0.00696586 2.22168 2.43753
7.76692 3.5966 5.41777 2.42052 50000 17075 0.00694793 2.19017 2.43
7.78947 3.4218 5.27145 2.41351 50000 17049 0.0069301 2.19333 2.42304
7.81203 3.5274 5.45391 2.40654 50000 17023 0.00691236 2.20559 2.41684
7.83459 3.33414 5.24256 2.39962 50000 16990 0.00689472 2.2194 2.41098
7.85714 3.43868 5.49002 2.39273 50000 16966 0.00687716 2.22964 2.40342
7.8797 3.22508 5.27938 2.38588 50000 16950 0.00685969 2.22157 2.39569
7.90226 3.32794 5.26354 2.37907 50000 16931 0.00684231 2.23702 2.38908
7.92481 3.43493 5.37795 2.3723 50000 16908 0.00682501 2.25304 2.38321
7.94737 3.54651 5.36459 2.36556 49999 16888 0.00680781 2.27139 2.37611
7.96992 3.29626 5.154 2.35887 49999 16858 0.00679069 2.28801 2.37046
7.99248 3.40495 4.94913 2.35221 49999 16834 0.00677365 2.30439 2.36491
8.01504 3.12741 5.12785 2.34559 49999 16810 0.00675671 2.32696 2.35926
8.03759 3.23234 4.98656 2.33901 49999 16790 0.00673984 2.34995 2.35374
8.06015 3.34158 5.22743 2.33246 49999 16768 0.00672306 2.33495 2.34691
8.08271 3.08047 5.21354 2.32595 49999 16734 0.00670637 2.30084 2.34055
8.10526 3.19079 5.07178 2.31948 49999 16713 0.00668975 2.32366 2.33453
8.12782 3.28441 4.86955 2.31304 49999 16692 0.00667322 2.29226 2.32797
8.15038 3.40022 4.91932 2.30664 49999 16672 0.00665677 2.30691 2.32244
8.17293 3.22992 4.96899 2.30028 49999 16649 0.0066404 2.31844 2.31687
8.19549 3.34783 5.26931 2.29394 49999 16629 0.00662411 2.33084 2.31096
8.21805 3.15465 5.19232 2.28765 49999 16608 0.0066079 2.34649 2.30531
8.2406 3.27048 5.24168 2.28139 49999 16591 0.00659177 2.37301 2.29937
8.26316 3.39105 5.10385 2.27516 49999 16576 0.00657572 2.39056 2.29416
8.28571 3.51665 5.18376 2.26897 49999 16561 0.00655975 2.41334 2.28854
8.30827 3.28274 5.1487 2.26281 49999 16535 0.00654385 2.43406 2.28307
8.33083 3.02695 5.17359 2.25668 49999 16513 0.00652803 2.46495 2.27786
8.35338 3.14055 5.07072 2.25059 49999 16495 0.00651229 2.50128 2.27273
8.37594 3.25907 4.77665 2.24452 49999 16475 0.00649662 2.53716 2.26808
8.3985 3.38277 5.05394 2.2385 49999 16452 0.00648103 2.5599 2.26208
8.42105 3.07275 5.07503 2.2325 49999 16427 0.00646552 2.59442 2.25767
8.44361 3.19072 5.09647 2.22654 49999 16407 0.00645007 2.62406 2.25304
8.46617 3.31381 4.98689 2.2206 49999 16390 0.0064347 2.66224 2.24765
8.48872 3.44266 5.07366 2.2147 49999 16370 0.00641941 2.70941 2.24282
8.51128 2.5552 4.76629 2.20883 49999 16351 0.00640418 2.74506 2.23734
8.53383 2.6558 4.98247 2.203 49999 16335 0.00638903 2.79609 2.23286
8.55639 2.76123 4.86898 2.19719 49999 16314 0.00637395 2.84749 2.22843
8.57895 2.87163 4.55276 2.19141 49999 16296 0.00635894 2.90092 2.2238
8.6015 2.98737 4.82903 2.18566 49999 16275 0.006344 2.95004 2.21865
8.62406 3.10863 4.57245 2.17995 49999 16255 0.00632913 3.00114 2.21391
8.64662 3.23608 4.51502 2.17426 49999 16239 0.00631433 3.06668 2.20947
8.66917 3.36974 4.45364 2.1686 49999 16224 0.0062996 3.12984 2.20442
8.69173 2.10619 4.59089 2.16298 49999 16199 0.00628494 3.20283 2.20027
8.71429 2.19482 4.5927 2.15738 49999 16184 0.00627035 3.23294 2.19526
8.73684 2.28801 4.52594 2.15181 49999 16171 0.00625582 3.31338 2.19146
8.7594 2.38623 4.52351 2.14627 49999 16149 0.00624136 3.39612 2.18767
8.78195 2.48981 4.51368 2.14075 49999 16132 0.00622697 3.46914 2.18356
8.80451 2.59921 4.43437 2.13527 49999 16119 0.00621265 3.56125 2.17967
8.82707 2.71475 4.41424 2.12981 49999 16100 0.00619839 3.63939 2.17534
8.84962 2.83707 4.52065 2.12438 49999 16086 0.00618419 3.74261 2.17194
8.87218 2.96679 4.55257 2.11898 49999 16069 0.00617006 3.84167 2.1685
8.89474 2.06972 4.51357 2.11361 49999 16050 0.006156 3.9481 2.16518
8.91729 2.16741 4.46592 2.10826 49999 16041 0.00614199 4.06758 2.16124
8.93985 2.27149 4.42918 2.10294 49999 16029 0.00612806 4.11735 2.1553
8.96241 2.38248 4.444 2.09765 49999 16011 0.00611418 4.23678 2.1522
8.98496 2.50099 4.4577 2.09238 49999 15990 0.00610037 4.36824 2.14882
9.00752 2.62775 4.40694 2.08715 49999 15975 0.00608662 4.51618 2.14609
9.03008 2.89231 4.42124 2.08193 49999 15958 0.00607293 4.32112 2.14169
9.05263 3.03111 4.43208 2.07674 49999 15941 0.0060593 4.45559 2.13836
9.07519 2.11959 4.63515 2.07158 49999 15927 0.00604574 4.59557 2.13446
9.09774 2.2253 4.3839 2.06645 49999 15908 0.00603223 4.75157 2.13088
9.1203 2.33847 4.71309 2.06134 49999 15895 0.00601879 4.91323 2.12707
9.14286 2.45978 4.71765 2.05625 49999 15878 0.0060054 4.90997 2.12245
9.16541 2.58993 4.65372 2.05119 49999 15857 0.00599208 5.04394 2.11763
9.18797 1.36489 4.65363 2.04615 49999 15841 0.00597881 5.164 2.11344
9.21053 1.44004 4.65222 2.04114 49999 15825 0.0059656 5.37326 2.11107
9.23308 2.88506 4.45379 2.03616 49999 15802 0.00595245 4.9703 2.10669
9.25564 1.52641 4.25316 2.03119 49999 15789 0.00593936 5.15675 2.10366
9.2782 1.61773 4.24476 2.02626 49999 15767 0.00592633 5.32531 2.09995
9.30075 1.7173 4.42076 2.02134 49999 15750 0.00591335 5.49667 2.09639
9.32331 1.82604 4.28421 2.01645 49999 15729 0.00590043 5.73127 2.09437
9.34586 0 4.29112 2.01158 49999 15713 0.00588757 5.97074 2.09178
9.36842 2.07473 4.34697 2.00674 49999 15691 0.00587476 6.24381 2.09096
9.39098 2.57923 4.30136 2.00192 49999 15676 0.005862 5.35922 2.08359
9.41353 1.35466 4.26127 1.99712 49999 15654 0.00584931 5.52976 2.07911
9.43609 1.42458 4.20768 1.99235 49999 15634 0.00583666 5.70695 2.07575
9.45865 1.49986 4.27514 1.9876 49999 15610 0.00582408 5.91471 2.07232
9.4812 1.58103 4.33874 1.98287 49999 15596 0.00581154 6.0972 2.06732
9.50376 1.66877 4.21521 1.97816 49999 15572 0.00579906 6.20551 2.06285
9.52632 1.7641 4.21487 1.97348 49999 15555 0.00578664 6.44855 2.0593
9.54887 1.86807 4.33605 1.96882 49999 15541 0.00577426 6.713 2.05577
9.57143 1.98191 4.32989 1.96418 49999 15527 0.00576194 6.98237 2.05294
9.59398 2.10712 4.16791 1.95956 49999 15510 0.00574967 7.2503 2.04847
9.61654 0 4.28702 1.95496 49999 15492 0.00573746 7.55676 2.04464
9.6391 2.39844 4.36496 1.95039 49999 15474 0.00572529 7.81975 2.04245
9.66165 0 4.31649 1.94584 49999 15460 0.00571318 8.20761 2.04126
9.68421 2.75867 4.1952 1.9413 49999 15438 0.00570112 8.64082 2.04249
9.70677 0 4.29381 1.93679 49999 15421 0.00568911 8.22686 2.03421
9.72932 0 4.12066 1.9323 49999 15403 0.00567715 8.64264 2.03308
9.75188 0 4.2746 1.92783 49999 15382 0.00566524 9.11546 2.03404
9.77444 0 4.33865 1.92338 49999 15364 0.00565338 9.63034 2.03669
9.79699 0 4.09958 1.91896 49999 15345 0.00564157 10.1215 2.04202
9.81955 3.0939 4.08216 1.91455 49999 15326 0.00562981 9.55769 2.0457
9.84211 0 4.05765 1.91016 49999 15309 0.00561809 9.49934 2.06542
9.86466 0 4.34604 1.90579 49999 15287 0.00560643 9.54544 2.09918
9.88722 0 4.14553 1.90144 49999 15260 0.00559481 10.2212 2.16255
9.90977 0 3.97051 1.89712 49999 15239 0.00558325 10.8313 2.28073
9.93233 0 4.00726 1.89281 49999 15232 0.00557173 8.51088 2.02235
9.95489 3.53361 4.0259 1.88852 49999 15221 0.00556025 9.02516 2.03427
9.97744 0 4.40695 1.88425 49999 15213 0.00554883 9.60549 2.05524
10 0 3.92034 1.88 49999 15190 0.00553745 10.2655 2.09057
