1 41.4696 99.3842 18.8 50000 33682 0.037224 149.987 295.966
1.02256 40.6486 91.9416 18.3853 50000 33571 0.0368088 147.578 284.792
1.04511 39.855 88.9076 17.9885 50000 33459 0.0364029 145.222 273.839
1.06767 39.0883 89.473 17.6085 50000 33351 0.0360057 143.013 263.416
1.09023 38.3471 86.2449 17.2441 50000 33230 0.0356172 140.78 253.157
1.11278 37.6287 83.2935 16.8946 50000 33137 0.0352369 138.635 243.3
1.13534 36.9341 83.9245 16.5589 50000 33036 0.0348647 136.51 233.693
1.15789 32.2315 77.6179 16.2364 50000 32913 0.0345003 134.437 224.233
1.18045 31.6498 74.8823 15.9261 50000 32786 0.0341434 132.327 214.891
1.20301 31.0843 75.3363 15.6275 50000 32657 0.0337938 130.318 205.953
1.22556 30.5339 72.6029 15.3399 50000 32550 0.0334513 128.322 197.165
1.24812 29.9985 69.9247 15.0627 50000 32447 0.0331156 126.313 188.567
1.27068 29.4771 67.3025 14.7953 50000 32328 0.0327867 124.444 180.321
1.29323 28.9694 91.6941 14.5372 50000 32206 0.0324642 122.647 172.308
1.31579 28.4748 96.4768 14.288 50000 32111 0.032148 120.801 164.392
1.33835 27.9917 63.3443 14.0472 50000 31985 0.0318379 118.931 156.575
1.3609 24.0795 65.3889 13.8144 50000 31865 0.0315337 117.033 148.895
1.38346 23.6758 76.1037 13.5891 50000 31756 0.0312353 115.204 141.427
1.40602 23.2809 72.8508 13.3711 50000 31648 0.0309424 113.447 134.215
1.42857 22.8944 69.6558 13.16 50000 31520 0.030655 111.648 127.054
1.45113 22.5167 73.037 12.9554 50000 31401 0.0303729 109.883 120.131
1.47368 22.1468 84.0883 12.7571 50000 31279 0.030096 108.129 113.349
1.49624 21.7844 80.0484 12.5648 50000 31174 0.029824 106.569 106.872
1.5188 21.429 66.1455 12.3782 50000 31067 0.0295569 104.893 100.411
1.54135 21.1048 84.6774 12.1971 50000 30953 0.0292946 103.16 94.0379
1.56391 17.8181 65.082 12.0212 50000 30842 0.0290369 101.45 87.8052
1.58647 20.4772 62.8533 11.8502 50000 30745 0.0287837 99.8678 81.7973
1.60902 20.1724 60.5076 11.6841 50000 30629 0.0285348 98.2647 75.8723
1.63158 19.8729 71.6205 11.5226 50000 30526 0.0282902 96.6814 70.1111
1.65414 16.7817 67.0111 11.3655 50000 30396 0.0280498 95.0313 64.4313
1.67669 16.5687 65.6789 11.2126 50000 30294 0.0278134 93.5964 59.0045
1.69925 19.1156 60.9259 11.0637 50000 30185 0.027581 92.0792 53.692
1.7218 16.203 71.8912 10.9188 50000 30076 0.0273524 90.4437 48.4751
1.74436 16.0243 62.5521 10.7776 50000 29968 0.0271276 88.9701 43.4675
1.76692 15.8482 63.8711 10.64 50000 29867 0.0269065 87.4195 38.6419
1.78947 15.675 56.9721 10.5059 50000 29759 0.0266889 85.9145 34.0484
1.81203 15.5043 54.2795 10.3751 50000 29675 0.0264748 84.5094 29.747
1.83459 12.7797 57.2547 10.2475 50000 29567 0.0262641 82.9329 25.788
1.85714 12.6409 49.6708 10.1231 50000 29469 0.0260568 81.3974 22.3231
1.8797 15.0039 42.5332 10.0016 50000 29393 0.0258527 79.9872 19.5407
1.90226 12.3672 40.0324 9.883 50000 29276 0.0256518 78.5816 17.6494
1.92481 14.2352 33.3365 9.76719 50000 29184 0.0254539 77.1372 16.9213
1.94737 14.0492 30.5695 9.65405 50000 29073 0.0252591 75.4723 17.4268
1.96992 13.8734 30.0012 9.54351 50000 28974 0.0250673 74.0457 18.9903
1.99248 13.7124 28.1167 9.43547 50000 28887 0.0248783 72.7051 21.332
2.01504 11.2939 28.4787 9.32985 50000 28782 0.0246922 71.3558 24.2083
2.03759 13.3941 30.9391 9.22657 50000 28682 0.0245089 69.8936 27.372
2.06015 13.2367 35.1887 9.12555 50000 28575 0.0243282 68.447 30.706
2.08271 13.0821 38.7186 9.02671 50000 28493 0.0241502 67.1114 34.1784
2.10526 12.9467 38.2336 8.93 50000 28399 0.0239748 65.7687 37.7245
2.12782 12.6918 41.7422 8.83534 50000 28306 0.0238019 64.475 41.2892
2.15038 12.5537 40.7195 8.74266 50000 28198 0.0236314 63.1344 44.7929
2.17293 12.4164 44.2042 8.6519 50000 28101 0.0234635 61.8568 48.3222
2.19549 12.2025 40.0543 8.56301 50000 28008 0.0232978 60.6234 51.8606
2.21805 11.9334 43.3899 8.47593 50000 27910 0.0231345 59.1535 55.1621
2.2406 11.7641 46.8498 8.3906 50000 27828 0.0229735 57.9876 58.6058
2.26316 11.5965 44.4965 8.30698 50000 27733 0.0228147 56.7546 61.949
2.28571 13.3342 44.849 8.225 50000 27630 0.0226581 55.5116 65.238
2.30827 13.1402 49.8987 8.14463 50000 27532 0.0225036 54.2123 68.3807
2.33083 14.7968 53.5208 8.06581 50000 27437 0.0223512 53.1129 71.6947
2.35338 14.5817 55.5264 7.9885 50000 27324 0.0222008 51.7711 74.7211
2.37594 14.3683 44.942 7.91266 50000 27268 0.0220525 50.8521 78.0151
2.3985 14.1355 48.3603 7.83824 50000 27178 0.0219061 49.8321 81.2155
2.42105 13.9163 48.0554 7.76522 50000 27085 0.0217617 48.6641 84.1355
2.44361 13.6979 47.6234 7.69354 50000 26997 0.0216192 47.6153 87.178
2.46617 15.165 49.1089 7.62317 50000 26900 0.0214785 46.4458 89.9119
2.48872 16.5497 48.4846 7.55408 50000 26814 0.0213396 45.2706 92.4919
2.51128 14.5143 52.0739 7.48623 50000 26726 0.0212025 44.2131 95.2289
2.53383 15.8545 51.3196 7.41958 50000 26637 0.0210672 43.2013 97.9559
2.55639 16.0662 55.0251 7.35412 50000 26542 0.0209336 42.176 100.562
2.57895 15.7719 56.4985 7.2898 50000 26464 0.0208016 41.2567 103.229
2.6015 16.8838 50.7237 7.22659 50000 26380 0.0206714 40.4021 105.89
2.62406 17.3571 52.0113 7.16447 50000 26295 0.0205427 39.4944 108.418
2.64662 17.007 53.2963 7.10341 50000 26209 0.0204156 38.6108 110.884
2.66917 17.9381 59.7775 7.04338 50000 26140 0.0202901 37.8922 113.605
2.69173 17.0962 55.8614 6.98436 50000 26058 0.0201661 37.1168 116.127
2.71429 16.5891 54.4203 6.92632 50000 25986 0.0200437 36.3958 118.592
2.73684 17.0328 55.6397 6.86923 50000 25901 0.0199227 35.6293 120.847
2.7594 17.4788 56.8593 6.81308 50000 25819 0.0198032 34.8853 122.971
2.78195 18.9802 55.1736 6.75784 50000 25738 0.019685 34.1876 125.127
2.80451 18.5166 53.3662 6.70349 50000 25659 0.0195683 33.611 127.632
2.82707 18.0509 54.4628 6.65 50000 25573 0.019453 33.0051 129.813
2.84962 20.5152 58.6458 6.59736 50000 25496 0.019339 32.4807 132.051
2.87218 19.0195 56.6551 6.54555 50000 25428 0.0192264 32.0039 134.316
2.89474 19.3388 57.7498 6.49455 50000 25349 0.019115 31.4972 136.268
2.91729 20.4686 58.7964 6.44433 50000 25268 0.0190049 31.0389 138.269
2.93985 22.2317 56.7577 6.39488 50000 25197 0.0188961 30.6343 140.292
2.96241 20.2214 57.8129 6.34619 50000 25122 0.0187886 30.2712 142.278
2.98496 20.3715 62.1395 6.29824 50000 25033 0.0186822 29.924 144.275
3.00752 20.703 63.2551 6.251 50000 24958 0.0185771 29.617 145.983
3.03008 24.359 62.7144 6.20447 50000 24881 0.0184731 29.3995 148.069
3.05263 23.3357 60.4248 6.15862 50000 24810 0.0183703 29.1884 149.798
3.07519 23.8819 61.4364 6.11345 50000 24738 0.0182686 29.0261 151.628
3.09774 20.2147 62.4496 6.06893 50000 24675 0.018168 28.9282 153.428
3.1203 19.8029 59.9369 6.02506 50000 24608 0.0180686 28.8556 155.486
3.14286 22.005 57.3125 5.98182 50000 24548 0.0179702 28.8294 157.496
3.16541 20.7029 61.5286 5.93919 50000 24471 0.0178729 28.797 159.304
3.18797 22.086 62.4736 5.89717 50000 24396 0.0177766 28.8121 160.784
3.21053 22.5669 62.5709 5.85574 50000 24328 0.0176814 28.8739 162.55
3.23308 22.0857 63.5016 5.81488 50000 24255 0.0175872 28.9469 164.235
3.25564 22.7269 64.4336 5.7746 50000 24178 0.017494 29.0651 165.723
3.2782 22.1569 67.0272 5.73486 50000 24118 0.0174017 29.247 167.155
3.30075 23.5998 62.208 5.69567 50000 24056 0.0173104 29.4464 168.559
3.32331 26.124 66.805 5.65701 50000 23991 0.0172201 29.6609 169.915
3.34586 23.4033 71.5085 5.61888 50000 23923 0.0171308 29.9011 171.231
3.36842 23.8164 72.5018 5.58125 50000 23866 0.0170423 30.1836 172.921
3.39098 24.2284 61.8917 5.54412 50000 23802 0.0169548 30.4941 174.361
3.41353 22.3995 62.7309 5.50749 50000 23754 0.0168681 30.8264 176.206
3.43609 22.7721 74.6684 5.47133 50000 23685 0.0167823 31.154 177.885
3.45865 26.6149 63.6983 5.43565 50000 23633 0.0166974 31.5123 179.8
3.4812 25.8645 64.5188 5.40043 50000 23558 0.0166134 31.8695 181.075
3.50376 25.0889 65.3393 5.36567 50000 23498 0.0165302 32.2817 182.502
3.52632 26.7045 66.943 5.33134 50000 23436 0.0164478 32.6969 183.663
3.54887 27.1242 67.7641 5.29746 50000 23363 0.0163662 33.1264 184.693
3.57143 26.2902 68.5862 5.264 50000 23306 0.0162855 33.5746 186.282
3.59398 27.9596 65.3265 5.23096 50000 23250 0.0162055 34.0626 187.907
3.61654 28.3757 66.1022 5.19834 50000 23211 0.0161263 34.5601 189.503
3.6391 28.7911 66.8783 5.16612 50000 23152 0.0160479 35.0519 190.816
3.66165 25.223 71.8852 5.13429 50000 23095 0.0159703 35.5497 191.965
3.68421 24.2339 72.7141 5.10286 50000 23039 0.0158934 36.065 193.365
3.70677 24.5711 73.545 5.07181 50000 22982 0.0158172 36.5748 194.782
3.72932 24.9074 73.6518 5.04113 50000 22918 0.0157418 37.1 195.64
3.75188 23.8403 60.6532 5.01082 50000 22866 0.0156671 37.6611 196.786
3.77444 22.7349 73.6035 4.98088 50000 22814 0.015593 38.2078 198.193
3.79699 24.4705 69.2783 4.95129 50000 22761 0.0155197 38.7452 199.472
3.81955 23.3266 70.0302 4.92205 50000 22714 0.0154471 39.313 200.852
3.84211 23.6214 66.6194 4.89315 50000 22647 0.0153751 39.8878 201.773
3.86466 22.4209 67.3304 4.86459 50000 22589 0.0153038 40.4636 203.233
3.88722 22.6961 68.043 4.83636 50000 22521 0.0152332 41.0365 203.683
3.90977 21.4396 77.3517 4.80846 50000 22463 0.0151632 41.6278 204.621
3.93233 24.7949 69.4723 4.78088 50000 22402 0.0150939 42.2271 205.751
3.95489 25.0871 65.8021 4.75361 50000 22352 0.0150252 42.8207 206.974
3.97744 28.5509 75.3386 4.72665 50000 22304 0.0149571 43.3978 208.247
4 28.8778 76.1029 4.7 50000 22255 0.0148896 43.9875 209.555
4.02256 27.5814 76.8682 4.67364 50000 22194 0.0148227 44.5786 210.599
4.04511 27.8887 77.6348 4.64758 50000 22138 0.0147564 45.1607 211.362
4.06767 26.5366 69.1802 4.62181 50000 22084 0.0146908 45.7549 212.129
4.09023 26.8245 83.8331 4.59632 50000 22041 0.0146257 46.324 213.179
4.11278 25.4173 69.5116 4.57112 50000 22000 0.0145611 46.9206 214.521
4.13534 22.2613 70.1799 4.54618 50000 21955 0.0144972 47.535 215.48
4.15789 24.2243 79.706 4.52152 50000 21902 0.0144338 48.0768 215.916
4.18045 22.7265 71.0036 4.49712 50000 21848 0.0143709 48.6523 216.809
4.20301 28.2568 71.6545 4.47299 50000 21804 0.0143086 49.2746 218.045
4.22556 24.9744 76.8256 4.44911 50000 21752 0.0142469 49.8784 218.899
4.24812 23.4221 86.6391 4.42549 50000 21714 0.0141856 50.4834 220.093
4.27068 23.653 78.2151 4.40211 50000 21653 0.0141249 51.036 220.394
4.29323 22.0461 78.9135 4.37898 50000 21594 0.0140647 51.6058 220.503
4.31579 24.1132 79.6136 4.3561 50000 21552 0.0140051 52.2661 221.767
4.33835 20.5976 75.5912 4.33345 50000 21504 0.0139459 52.877 223.008
4.3609 20.7916 76.2531 4.31103 50000 21451 0.0138872 53.4781 223.954
4.38346 22.9424 78.8669 4.28885 50000 21391 0.013829 54.066 224.856
4.40602 25.1437 79.55 4.26689 50000 21330 0.0137713 54.6389 225.341
4.42857 23.4775 80.2347 4.24516 50000 21282 0.0137141 55.2357 226.132
4.45113 21.7674 80.9204 4.22365 50000 21234 0.0136573 55.8423 227.066
4.47368 26.0172 81.6079 4.20235 50000 21190 0.0136011 56.4628 228.22
4.49624 20.2387 82.296 4.18127 50000 21135 0.0135452 57.0251 228.733
4.5188 26.6043 92.7495 4.1604 50000 21079 0.0134899 57.5638 229.249
4.54135 22.7606 78.7568 4.13974 50000 21032 0.013435 58.1515 229.863
4.56391 20.9184 79.4108 4.11928 50000 20984 0.0133805 58.7485 230.634
4.58647 21.1459 80.0668 4.09902 50000 20941 0.0133265 59.3091 231.072
4.60902 21.374 81.65 4.07896 50000 20889 0.0132729 59.8912 231.234
4.63158 23.763 85.3125 4.05909 50000 20849 0.0132197 60.4449 232.165
4.65414 24.0155 81.2209 4.03942 50000 20819 0.013167 61.0318 233.2
4.67669 24.3129 86.686 4.01994 50000 20764 0.0131147 61.6012 233.633
4.69925 22.3912 87.3754 4.00064 50000 20719 0.0130628 62.1505 234.186
4.7218 22.6814 83.1744 3.98153 50000 20677 0.0130113 62.6818 234.633
4.74436 22.9733 83.8298 3.9626 50000 20615 0.0129602 63.2436 234.97
4.76692 23.2669 83.9164 3.94385 50000 20577 0.0129095 63.7062 235.364
4.78947 23.5622 89.538 3.92527 50000 20540 0.0128592 64.2588 236.106
4.81203 23.8594 85.2125 3.90688 50000 20508 0.0128093 64.8783 237.066
4.83459 24.1587 90.9139 3.88865 50000 20467 0.0127598 65.4693 237.648
4.85714 24.46 86.5148 3.87059 50000 20434 0.0127106 66.0745 238.527
4.8797 24.7636 87.1681 3.8527 50000 20393 0.0126619 66.6143 239.01
4.90226 22.5625 92.9892 3.83497 50000 20355 0.0126135 67.1608 239.763
4.92481 22.1878 90.9669 3.8174 50000 20321 0.0125655 67.5906 240.193
4.94737 22.4049 86.5389 3.8 50000 20275 0.0125178 68.2105 241.027
4.96992 22.6229 87.1667 3.78275 50000 20230 0.0124705 68.7486 241.521
4.99248 25.3797 87.7968 3.76566 50000 20185 0.0124236 69.2916 242.114
5.01504 25.6493 88.429 3.74873 50000 20136 0.012377 69.8794 242.477
5.03759 25.9491 83.8242 3.73194 50000 20105 0.0123307 70.4805 243.306
5.06015 26.251 84.423 3.7153 50000 20057 0.0122848 71.0358 243.971
5.08271 26.5551 85.0234 3.69882 50000 20030 0.0122393 71.5858 245.029
5.10526 29.5476 85.6253 3.68247 50000 19994 0.0121941 72.1742 245.931
5.12782 27.1703 86.229 3.66628 50000 19954 0.0121492 72.7443 246.71
5.15038 23.6288 86.7475 3.65022 50000 19920 0.0121046 73.184 247.195
5.17293 23.8805 87.3548 3.6343 50000 19884 0.0120604 73.6631 247.408
5.19549 24.1335 87.9639 3.61852 50000 19850 0.0120165 74.1918 248.133
5.21805 27.0977 88.5751 3.60288 50000 19800 0.0119729 74.7167 248.536
5.2406 24.6439 89.188 3.58737 50000 19752 0.0119296 75.2658 248.918
5.26316 24.9016 89.8026 3.572 50000 19712 0.0118866 75.8075 249.57
5.28571 27.2093 97.4239 3.55676 50000 19681 0.011844 76.3418 250.019
5.30827 24.691 87.7637 3.54164 50000 19645 0.0118016 76.8906 250.738
5.33083 24.9546 88.3603 3.52666 50000 19616 0.0117596 77.4903 251.896
5.35338 25.1576 88.0381 3.5118 50000 19586 0.0117178 77.9531 252.278
5.37594 25.3269 88.5431 3.49706 50000 19550 0.0116764 78.5257 253.017
5.3985 25.5413 99.6117 3.48245 50000 19516 0.0116352 79.0926 253.357
5.42105 28.6187 100.265 3.46796 50000 19486 0.0115944 79.678 253.976
5.44361 25.9735 100.92 3.45359 50000 19457 0.0115538 80.2512 254.981
5.46617 26.1912 101.576 3.43934 50000 19419 0.0115135 80.823 255.39
5.48872 26.41 102.234 3.42521 50000 19384 0.0114734 81.3675 256.109
5.51128 26.652 102.896 3.41119 50000 19331 0.0114337 81.8266 256.065
5.53383 26.8139 103.677 3.39728 50000 19295 0.0113942 82.2396 256.411
5.55639 27.0732 104.346 3.38349 50000 19247 0.011355 82.8097 257.033
5.57895 27.3344 105.017 3.36981 50000 19210 0.0113161 83.3589 257.847
5.6015 24.5312 105.689 3.35624 50000 19174 0.0112774 83.9177 258.136
5.62406 27.5897 102.897 3.34278 50000 19130 0.011239 84.3742 258.216
5.64662 27.8039 103.534 3.32943 50000 19106 0.0112009 84.8678 258.927
5.66917 31.132 104.174 3.31618 50000 19071 0.011163 85.3912 259.522
5.69173 28.2731 99.5747 3.30304 50000 19040 0.0111254 85.9309 260.208
5.71429 28.5304 100.187 3.29 50000 19004 0.011088 86.4337 260.803
5.73684 25.5906 95.4951 3.27706 50000 18974 0.0110509 87.0067 261.633
5.7594 29.0504 96.0786 3.26423 50000 18929 0.011014 87.3683 261.389
5.78195 32.5704 118.144 3.2515 50000 18900 0.0109774 87.9257 261.996
5.80451 32.8647 118.861 3.23886 50000 18859 0.010941 88.4763 262.197
5.82707 33.161 108.709 3.22632 50000 18830 0.0109048 89.0215 262.924
5.84962 30.1136 109.364 3.21388 50000 18797 0.0108689 89.5138 263.196
5.87218 30.3841 104.519 3.20154 50000 18761 0.0108332 89.9063 263.208
5.89474 30.6565 99.6109 3.18929 50000 18729 0.0107978 90.3699 263.485
5.91729 30.9307 100.206 3.17713 50000 18695 0.0107626 90.7575 263.558
5.93985 31.1965 100.803 3.16506 50000 18666 0.0107276 91.2556 264.098
5.96241 30.9108 107.036 3.15309 50000 18624 0.0106928 91.6458 264.059
5.98496 31.1412 113.338 3.14121 50000 18595 0.0106583 92.2095 264.806
6.00752 27.8871 114.008 3.12941 50000 18544 0.010624 92.5948 264.371
6.03008 28.0943 114.68 3.11771 50000 18517 0.0105899 93.025 264.618
6.05263 27.4817 119.368 3.10609 50000 18484 0.0105561 93.46 264.594
6.07519 34.5894 120.059 3.09455 50000 18442 0.0105224 93.8176 264.563
6.09774 27.8623 109.775 3.08311 50000 18413 0.010489 94.2251 264.807
6.1203 28.0541 115.928 3.07174 50000 18384 0.0104557 94.8184 265.82
6.14286 31.7779 116.594 3.06047 50000 18356 0.0104227 95.2948 266.27
6.16541 31.9962 108.976 3.04927 50000 18321 0.0103899 95.5759 266.173
6.18797 32.2154 119.461 3.03815 50000 18294 0.0103573 96.0047 266.465
6.21053 32.4384 120.139 3.02712 50000 18257 0.0103249 96.4787 266.89
6.23308 29.0538 109.837 3.01616 50000 18226 0.0102927 97.0026 267.56
6.25564 32.9343 115.981 3.00529 50000 18190 0.0102607 97.5031 267.846
6.2782 33.1847 110.458 2.99449 50000 18155 0.0102289 97.8933 267.998
6.30075 29.7215 111.076 2.98377 50000 18125 0.0101973 98.426 268.505
6.32331 29.9468 122.064 2.97313 50000 18102 0.0101659 98.8859 268.936
6.34586 30.1737 111.578 2.96256 50000 18079 0.0101347 99.2924 269.228
6.36842 30.4021 112.19 2.95207 50000 18056 0.0101037 99.8695 270.109
6.39098 30.632 112.804 2.94165 50000 18024 0.0100728 100.327 270.577
6.41353 30.8636 113.42 2.9313 50000 17990 0.0100422 100.797 270.674
6.43609 31.0967 114.037 2.92103 50000 17962 0.0100117 101.244 270.934
6.45865 31.3313 114.656 2.91083 50000 17938 0.00998143 101.861 271.612
6.4812 27.6216 114.544 2.9007 50000 17912 0.00995133 102.308 271.984
6.50376 31.8054 126.679 2.89064 50000 17881 0.00992142 102.846 272.552
6.52632 32.0449 127.365 2.88065 50000 17846 0.00989169 103.256 272.835
6.54887 28.2504 116.412 2.87072 50000 17822 0.00986213 103.762 273.511
6.57143 28.4629 117.039 2.86087 50000 17790 0.00983275 104.203 273.76
6.59398 28.6768 123.552 2.85108 50000 17764 0.00980354 104.617 274.016
6.61654 28.8923 112.384 2.84136 50000 17733 0.00977451 105.068 274.324
6.6391 35.5217 125.76 2.83171 50000 17701 0.00974565 105.426 274.487
6.66165 35.7745 115.426 2.82212 50000 17676 0.00971696 105.781 274.604
6.68421 36.0289 116.029 2.8126 50000 17649 0.00968843 106.307 275.199
6.70677 36.2851 127.742 2.80314 50000 17619 0.00966008 106.581 275.105
6.72932 36.5432 128.407 2.79374 50000 17600 0.00963188 107.072 275.95
6.75188 36.8032 129.074 2.78441 50000 17572 0.00960386 107.523 276.295
6.77444 37.0651 129.744 2.77514 50000 17545 0.00957599 108.012 276.936
6.79699 37.3289 130.416 2.76593 50000 17514 0.00954829 108.497 277.137
6.81955 37.5944 131.091 2.75678 50000 17484 0.00952075 108.909 277.384
6.84211 37.8615 137.496 2.74769 50000 17456 0.00949336 109.337 277.749
6.86466 38.1375 120.929 2.73866 50000 17427 0.00946614 109.916 278.306
6.88722 34.1343 134.741 2.72969 50000 17393 0.00943906 110.376 278.726
6.90977 34.3766 135.425 2.72078 50000 17367 0.00941215 110.845 278.972
6.93233 34.6207 136.112 2.71193 49999 17351 0.00938538 111.351 279.515
6.95489 34.8665 136.8 2.70314 49999 17320 0.00935877 111.723 279.736
6.97744 35.1142 137.49 2.6944 49999 17289 0.00933231 112.186 280.019
7 35.3637 138.182 2.68571 49999 17271 0.00930599 112.643 280.629
7.02256 35.6152 138.875 2.67709 49999 17246 0.00927983 113.159 281.058
7.04511 30.4048 139.57 2.66852 49999 17218 0.00925381 113.56 281.172
7.06767 26.2406 134.424 2.66 49999 17188 0.00922794 113.866 281.149
7.09023 30.8245 139.717 2.65154 49999 17162 0.00920221 114.229 281.203
7.11278 31.0364 140.411 2.64313 49999 17143 0.00917662 114.846 281.978
7.13534 31.2497 141.108 2.63477 49999 17114 0.00915118 115.3 282.301
7.15789 40.4543 141.807 2.62647 49999 17091 0.00912588 115.813 282.779
7.18045 38.6231 143.202 2.61822 49999 17064 0.00910071 116.039 282.488
7.20301 38.8837 138.364 2.61002 49999 17031 0.00907569 116.494 282.632
7.22556 39.1462 144.598 2.60187 49999 17009 0.0090508 116.969 283.144
7.24812 39.4107 145.298 2.59378 49999 16978 0.00902605 117.399 283.14
7.27068 39.6771 140.385 2.58573 49999 16943 0.00900143 117.48 282.332
7.29323 39.9455 146.704 2.57773 49999 16919 0.00897695 118.029 282.935
7.31579 35.7475 141.739 2.56978 49999 16894 0.0089526 118.577 283.628
7.33835 40.4883 142.42 2.56189 49999 16870 0.00892838 118.953 283.848
7.3609 40.7624 143.103 2.55403 49999 16846 0.0089043 119.393 284.234
7.38346 41.0384 143.789 2.54623 49999 16817 0.00888034 119.744 284.179
7.40602 41.3162 144.477 2.53848 49999 16787 0.00885651 120.241 284.449
7.42857 36.2882 144.525 2.53077 49999 16755 0.00883281 120.609 284.515
7.45113 31.9535 145.213 2.52311 49999 16731 0.00880923 121.029 284.718
7.47368 31.7029 149.683 2.51549 49999 16709 0.00878578 121.4 285.142
7.49624 27.3262 150.391 2.50792 49999 16679 0.00876246 121.867 285.258
7.5188 27.4794 149.473 2.5004 49999 16654 0.00873926 122.363 285.831
7.54135 27.6335 144.809 2.49292 49999 16615 0.00871618 122.646 285.673
7.56391 27.7887 145.485 2.48549 49999 16602 0.00869322 123.005 285.944
7.58647 27.9447 146.164 2.4781 49999 16570 0.00867038 123.516 286.252
7.60902 28.1017 122.675 2.47075 49999 16546 0.00864767 123.944 286.459
7.63158 28.2597 144.656 2.46345 49999 16524 0.00862507 124.292 286.643
7.65414 28.4187 145.305 2.45619 49999 16506 0.00860259 124.812 287.406
7.67669 28.5786 145.956 2.44897 49999 16480 0.00858022 125.268 287.658
7.69925 28.7395 146.609 2.4418 49999 16461 0.00855798 125.733 288.108
7.7218 28.9013 147.265 2.43466 49999 16427 0.00853584 126.042 287.864
7.74436 29.0642 147.924 2.42757 49999 16403 0.00851382 126.451 288
7.76692 29.2281 154.087 2.42052 49999 16385 0.00849192 126.911 288.508
7.78947 39.1907 154.775 2.41351 49999 16361 0.00847013 127.324 288.652
7.81203 39.4121 149.912 2.40654 49999 16331 0.00844844 127.854 288.993
7.83459 44.5895 150.578 2.39962 49999 16315 0.00842687 128.446 289.711
7.85714 34.877 151.246 2.39273 49999 16294 0.00840541 128.958 290.198
7.8797 30.064 151.916 2.38588 49999 16267 0.00838406 129.39 290.403
7.90226 35.2735 152.588 2.37907 49999 16248 0.00836282 129.842 290.898
7.92481 25.3383 153.26 2.3723 49999 16222 0.00834168 130.274 291.058
7.94737 25.4823 153.935 2.36556 49999 16196 0.00832065 130.731 291.323
7.96992 25.6271 154.613 2.35887 49999 16174 0.00829973 131.204 291.779
7.99248 25.7729 155.293 2.35221 49999 16154 0.00827891 131.682 292.25
8.01504 25.9196 155.976 2.34559 49999 16134 0.0082582 132.259 292.95
8.03759 20.8539 156.661 2.33901 49999 16115 0.00823759 132.722 293.275
8.06015 26.216 134.038 2.33246 49999 16096 0.00821708 133.285 293.918
8.08271 26.3657 158.038 2.32595 49999 16073 0.00819667 133.557 293.819
8.10526 31.8212 158.73 2.31948 49999 16043 0.00817636 134.103 294.13
8.12782 32.009 135.805 2.31304 49999 16032 0.00815616 134.56 294.669
8.15038 32.1981 136.397 2.30664 49999 16015 0.00813605 135.044 295.311
8.17293 26.9904 160.815 2.30028 49999 15995 0.00811605 135.483 295.585
8.19549 32.5804 161.513 2.29394 49999 15972 0.00809614 135.904 295.93
8.21805 36.6444 133.2 2.28765 49999 15948 0.00807633 136.209 296.041
8.2406 31.5758 133.771 2.28139 49999 15925 0.00805661 136.465 295.914
8.26316 47.6148 134.342 2.27516 49999 15918 0.00803699 137.027 296.668
8.28571 31.9118 158.379 2.26897 49999 15897 0.00801747 137.507 296.983
8.30827 32.0814 159.053 2.26281 49999 15876 0.00799804 137.947 297.175
8.33083 32.252 159.729 2.25668 49999 15845 0.00797871 138.111 296.698
8.35338 32.4237 160.409 2.25059 49999 15824 0.00795947 138.404 296.747
8.37594 27.1637 161.091 2.24452 49999 15808 0.00794032 138.43 296.363
8.3985 27.3086 161.776 2.2385 49999 15795 0.00792126 139.004 297.076
8.42105 21.9635 162.463 2.2325 49999 15778 0.0079023 139.251 297.186
8.44361 22.081 163.152 2.22654 49999 15761 0.00788342 139.751 297.659
8.46617 27.749 163.844 2.2206 49999 15721 0.00786464 139.827 296.787
8.48872 33.3696 162.349 2.2147 49999 15707 0.00784594 140.25 297.308
8.51128 27.9519 163.022 2.20883 49999 15685 0.00782733 140.761 297.81
8.53383 28.0968 163.697 2.203 49999 15663 0.00780881 141.15 297.925
8.55639 28.2426 164.374 2.19719 49999 15644 0.00779038 141.635 298.09
8.57895 28.3895 141.474 2.19141 49999 15617 0.00777204 141.957 297.829
8.6015 28.5372 142.058 2.18566 49999 15595 0.00775378 142.267 297.823
8.62406 28.6859 142.643 2.17995 49999 15571 0.00773561 142.377 297.444
8.64662 28.8357 143.23 2.17426 49999 15541 0.00771752 142.557 296.802
8.66917 28.9864 143.818 2.1686 49999 15523 0.00769952 142.948 297.113
8.69173 29.1381 144.408 2.16298 49999 15498 0.0076816 143.185 296.933
8.71429 29.2908 144.998 2.15738 49999 15483 0.00766376 143.572 297.298
8.73684 41.2223 145.591 2.15181 49999 15458 0.00764601 143.815 297.223
8.7594 41.4389 146.186 2.14627 49999 15441 0.00762833 144.356 297.819
8.78195 41.657 146.784 2.14075 49999 15424 0.00761074 144.762 298.13
8.80451 41.8766 171.948 2.13527 49999 15403 0.00759323 145.225 298.271
8.82707 42.0976 172.651 2.12981 49999 15376 0.00757581 145.591 298.305
8.84962 42.3203 173.356 2.12438 49999 15356 0.00755846 146.083 298.697
8.87218 40.7802 149.832 2.11898 49999 15338 0.00754119 146.335 298.681
8.89474 40.9893 150.43 2.11361 49999 15313 0.00752399 146.527 298.248
8.91729 41.1998 151.029 2.10826 49999 15293 0.00750688 147.102 298.721
8.93985 41.4117 145.798 2.10294 49999 15265 0.00748985 147.383 298.562
8.96241 41.625 146.376 2.09765 49999 15245 0.00747289 147.719 298.583
8.98496 41.8398 188.104 2.09238 49999 15220 0.00745601 147.969 298.427
9.00752 36.048 188.848 2.08715 49999 15198 0.0074392 148.233 298.34
9.03008 36.2345 177.745 2.08193 49999 15174 0.00742247 148.755 298.685
9.05263 36.4223 178.448 2.07674 49999 15156 0.00740582 149.264 299.23
9.07519 30.5094 191.098 2.07158 49999 15133 0.00738924 149.716 299.501
9.09774 30.668 179.863 2.06645 49999 15117 0.00737273 149.975 299.337
9.1203 30.8277 180.574 2.06134 49999 15100 0.0073563 150.016 298.992
9.14286 30.9885 181.287 2.05625 49999 15079 0.00733994 150.531 299.381
9.16541 31.1504 182.003 2.05119 49999 15056 0.00732365 150.717 299.311
9.18797 31.3134 182.72 2.04615 49999 15035 0.00730744 151.116 299.363
9.21053 31.4776 152.867 2.04114 49999 15019 0.00729129 151.487 299.615
9.23308 31.6429 184.161 2.03616 49999 15010 0.00727522 151.921 300.138
9.25564 43.8336 151.494 2.03119 49999 14991 0.00725922 152.027 299.972
9.2782 37.7689 152.087 2.02626 49999 14966 0.00724329 152.157 299.64
9.30075 31.1441 150.987 2.02134 49999 14940 0.00722743 152.287 299.155
9.32331 31.3021 174.518 2.01645 49999 14916 0.00721164 152.219 298.232
9.34586 44.0456 151.827 2.01158 49999 14898 0.00719591 152.723 298.655
9.36842 44.2698 152.407 2.00674 49999 14878 0.00718026 152.87 298.427
9.39098 44.4956 152.989 2.00192 49999 14865 0.00716467 153.176 298.671
9.41353 44.7228 153.572 1.99712 49999 14846 0.00714915 153.472 298.677
9.43609 44.9517 154.156 1.99235 49999 14832 0.0071337 153.926 299.261
9.45865 45.1821 154.742 1.9876 49999 14818 0.00711832 154.355 299.852
9.4812 45.4141 185.2 1.98287 49999 14802 0.007103 154.878 300.378
9.50376 45.6478 185.9 1.97816 49999 14782 0.00708774 155.142 300.426
9.52632 45.8831 186.604 1.97348 49999 14765 0.00707256 155.571 300.628
9.54887 46.12 187.31 1.96882 49999 14747 0.00705743 155.923 300.794
9.57143 46.3586 188.02 1.96418 49999 14726 0.00704237 156.403 301.086
9.59398 46.5989 188.733 1.95956 49999 14707 0.00702738 156.851 301.412
9.61654 46.8408 152.78 1.95496 49999 14693 0.00701245 157.421 301.98
9.6391 40.358 153.359 1.95039 49999 14682 0.00699758 157.777 302.259
9.66165 33.8069 153.939 1.94584 49999 14669 0.00698278 158.154 302.583
9.68421 33.9833 154.522 1.9413 49999 14648 0.00696803 158.368 302.177
9.70677 34.161 155.105 1.93679 49999 14625 0.00695335 158.585 301.889
9.72932 33.8598 155.69 1.9323 49999 14598 0.00693874 158.606 301.233
9.75188 33.3606 189.382 1.92783 49999 14585 0.00692418 159.001 301.433
9.77444 33.5336 190.092 1.92338 49999 14571 0.00690968 159.202 301.384
9.79699 33.7078 190.803 1.91896 49999 14556 0.00689525 159.501 301.507
9.81955 36.3307 203.576 1.91455 49999 14534 0.00688087 159.449 301.029
9.84211 36.5025 192.972 1.91016 49999 14518 0.00686656 159.61 300.836
9.86466 36.6753 159.502 1.90579 49999 14500 0.0068523 160.159 301.067
9.88722 36.8493 160.088 1.90144 49999 14482 0.00683811 160.706 301.358
9.90977 37.0244 160.677 1.89712 49999 14462 0.00682397 161.071 301.566
9.93233 37.2006 161.267 1.89281 49999 14448 0.00680989 161.53 302.056
9.95489 37.378 161.859 1.88852 49999 14432 0.00679587 161.985 302.399
9.97744 37.5566 162.286 1.88425 49999 14416 0.0067819 162.245 302.481
10 37.7364 174.513 1.88 49999 14398 0.006768 162.755 302.644
